[1, 2, 6, 12, 24, 48, 60]
20000
[1, 2, 6, 12, 24, 48, 60]
20001
[1, 2, 6, 12, 24, 48, 60]
20002
[1, 2, 6, 12, 24, 48, 60]
20003
[1, 2, 6, 12, 24, 48, 60]
20004
[1, 2, 6, 12, 24, 48, 60]
20005
[1, 2, 6, 12, 24, 48, 60]
20006
[1, 2, 6, 12, 24, 48, 60]
20007
[1, 2, 6, 12, 24, 48, 60]
20008
[1, 2, 6, 12, 24, 48, 60]
20009
[1, 2, 6, 12, 24, 48, 60]
20010
[1, 2, 6, 12, 24, 48, 60]
20011
[1, 2, 6, 12, 24, 48, 60]
20012
[1, 2, 6, 12, 24, 48, 60]
20013
[1, 2, 6, 12, 24, 48, 60]
20014
[1, 2, 6, 12, 24, 48, 60]
20015
[1, 2, 6, 12, 24, 48, 60]
20016
[1, 2, 6, 12, 24, 48, 60]
20017
[1, 2, 6, 12, 24, 48, 60]
20018
[1, 2, 6, 12, 24, 48, 60]
20019
[1, 2, 6, 12, 24, 48, 60]
20020
[1, 2, 6, 12, 24, 48, 60]
20021
[1, 2, 6, 12, 24, 48, 60]
20022
[1, 2, 6, 12, 24, 48, 60]
20023
[1, 2, 6, 12, 24, 48, 60]
20024
[1, 2, 6, 12, 24, 48, 60]
20025
[1, 2, 6, 12, 24, 48, 60]
20026
[1, 2, 6, 12, 24, 48, 60]
20027
[1, 2, 6, 12, 24, 48, 60]
20028
[1, 2, 6, 12, 24, 48, 60]
20029
[1, 2, 6, 12, 24, 48, 60]
20030
[1, 2, 6, 12, 24, 48, 60]
20031
[1, 2, 6, 12, 24, 48, 60]
20032
[1, 2, 6, 12, 24, 48, 60]
20033
[1, 2, 6, 12, 24, 48, 60]
20034
[1, 2, 6, 12, 24, 48, 60]
20035
[1, 2, 6, 12, 24, 48, 60]
20036
[1, 2, 6, 12, 24, 48, 60]
20037
[1, 2, 6, 12, 24, 48, 60]
20038
[1, 2, 6, 12, 24, 48, 60]
20039
[1, 2, 6, 12, 24, 48, 60]
20040
[1, 2, 6, 12, 24, 48, 60]
20041
[1, 2, 6, 12, 24, 48, 60]
20042
[1, 2, 6, 12, 24, 48, 60]
20043
[1, 2, 6, 12, 24, 48, 60]
20044
[1, 2, 6, 12, 24, 48, 60]
20045
[1, 2, 6, 12, 24, 48, 60]
20046
[1, 2, 6, 12, 24, 48, 60]
20047
[1, 2, 6, 12, 24, 48, 60]
20048
[1, 2, 6, 12, 24, 48, 60]
20049
[1, 2, 6, 12, 24, 48, 60]
20050
[1, 2, 6, 12, 24, 48, 60]
20051
[1, 2, 6, 12, 24, 48, 60]
20052
[1, 2, 6, 12, 24, 48, 60]
20053
[1, 2, 6, 12, 24, 48, 60]
20054
[1, 2, 6, 12, 24, 48, 60]
20055
[1, 2, 6, 12, 24, 48, 60]
20056
[1, 2, 6, 12, 24, 48, 60]
20057
[1, 2, 6, 12, 24, 48, 60]
20058
[1, 2, 6, 12, 24, 48, 60]
20059
[1, 2, 6, 12, 24, 48, 60]
20060
[1, 2, 6, 12, 24, 48, 60]
20061
[1, 2, 6, 12, 24, 48, 60]
20062
[1, 2, 6, 12, 24, 48, 60]
20063
[1, 2, 6, 12, 24, 48, 60]
20064
[1, 2, 6, 12, 24, 48, 60]
20065
[1, 2, 6, 12, 24, 48, 60]
20066
[1, 2, 6, 12, 24, 48, 60]
20067
[1, 2, 6, 12, 24, 48, 60]
20068
[1, 2, 6, 12, 24, 48, 60]
20069
[1, 2, 6, 12, 24, 48, 60]
20070
[1, 2, 6, 12, 24, 48, 60]
20071
[1, 2, 6, 12, 24, 48, 60]
20072
[1, 2, 6, 12, 24, 48, 60]
20073
[1, 2, 6, 12, 24, 48, 60]
20074
[1, 2, 6, 12, 24, 48, 60]
20075
[1, 2, 6, 12, 24, 48, 60]
20076
[1, 2, 6, 12, 24, 48, 60]
20077
[1, 2, 6, 12, 24, 48, 60]
20078
[1, 2, 6, 12, 24, 48, 60]
20079
[1, 2, 6, 12, 24, 48, 60]
20080
[1, 2, 6, 12, 24, 48, 60]
20081
[1, 2, 6, 12, 24, 48, 60]
20082
[1, 2, 6, 12, 24, 48, 60]
20083
[1, 2, 6, 12, 24, 48, 60]
20084
[1, 2, 6, 12, 24, 48, 60]
20085
[1, 2, 6, 12, 24, 48, 60]
20086
[1, 2, 6, 12, 24, 48, 60]
20087
[1, 2, 6, 12, 24, 48, 60]
20088
[1, 2, 6, 12, 24, 48, 60]
20089
[1, 2, 6, 12, 24, 48, 60]
20090
[1, 2, 6, 12, 24, 48, 60]
20091
[1, 2, 6, 12, 24, 48, 60]
20092
[1, 2, 6, 12, 24, 48, 60]
20093
[1, 2, 6, 12, 24, 48, 60]
20094
[1, 2, 6, 12, 24, 48, 60]
20095
[1, 2, 6, 12, 24, 48, 60]
20096
[1, 2, 6, 12, 24, 48, 60]
20097
[1, 2, 6, 12, 24, 48, 60]
20098
[1, 2, 6, 12, 24, 48, 60]
20099
[1, 2, 6, 12, 24, 48, 60]
20100
