[1, 2, 6, 12, 24, 48, 60]
2010
[1, 6, 13, 37, 150]
2010
[1, 2, 6, 12, 24, 48, 60]
2015
[1, 6, 13, 37, 150]
2015
[1, 2, 6, 12, 24, 48, 60]
2020
[1, 6, 13, 37, 150]
2020
[1, 2, 6, 12, 24, 48, 60]
2025
[1, 6, 13, 37, 150]
2025
[1, 2, 6, 12, 24, 48, 60]
2030
[1, 6, 13, 37, 150]
2030
[1, 2, 6, 12, 24, 48, 60]
2035
[1, 6, 13, 37, 150]
2035
[1, 2, 6, 12, 24, 48, 60]
2040
[1, 6, 13, 37, 150]
2040
[1, 2, 6, 12, 24, 48, 60]
2045
[1, 6, 13, 37, 150]
2045
[1, 2, 6, 12, 24, 48, 60]
2050
[1, 6, 13, 37, 150]
2050
[1, 2, 6, 12, 24, 48, 60]
2055
[1, 6, 13, 37, 150]
2055
[1, 2, 6, 12, 24, 48, 60]
2060
[1, 6, 13, 37, 150]
2060
[1, 2, 6, 12, 24, 48, 60]
2065
[1, 6, 13, 37, 150]
2065
[1, 2, 6, 12, 24, 48, 60]
2070
[1, 6, 13, 37, 150]
2070
[1, 2, 6, 12, 24, 48, 60]
2075
[1, 6, 13, 37, 150]
2075
[1, 2, 6, 12, 24, 48, 60]
2080
[1, 6, 13, 37, 150]
2080
[1, 2, 6, 12, 24, 48, 60]
2085
[1, 6, 13, 37, 150]
2085
[1, 2, 6, 12, 24, 48, 60]
2090
[1, 6, 13, 37, 150]
2090
[1, 2, 6, 12, 24, 48, 60]
2095
[1, 6, 13, 37, 150]
2095
[1, 2, 6, 12, 24, 48, 60]
2100
[1, 6, 13, 37, 150]
2100
[1, 2, 6, 12, 24, 48, 60]
2105
[1, 6, 13, 37, 150]
2105
[1, 2, 6, 12, 24, 48, 60]
2110
[1, 6, 13, 37, 150]
2110
[1, 2, 6, 12, 24, 48, 60]
2115
[1, 6, 13, 37, 150]
2115
[1, 2, 6, 12, 24, 48, 60]
2120
[1, 6, 13, 37, 150]
2120
[1, 2, 6, 12, 24, 48, 60]
2125
[1, 6, 13, 37, 150]
2125
[1, 2, 6, 12, 24, 48, 60]
2130
[1, 6, 13, 37, 150]
2130
[1, 2, 6, 12, 24, 48, 60]
2135
[1, 6, 13, 37, 150]
2135
[1, 2, 6, 12, 24, 48, 60]
2140
[1, 6, 13, 37, 150]
2140
[1, 2, 6, 12, 24, 48, 60]
2145
[1, 6, 13, 37, 150]
2145
[1, 2, 6, 12, 24, 48, 60]
2150
[1, 6, 13, 37, 150]
2150
[1, 2, 6, 12, 24, 48, 60]
2155
[1, 6, 13, 37, 150]
2155
[1, 2, 6, 12, 24, 48, 60]
2160
[1, 6, 13, 37, 150]
2160
[1, 2, 6, 12, 24, 48, 60]
2165
[1, 6, 13, 37, 150]
2165
[1, 2, 6, 12, 24, 48, 60]
2170
[1, 6, 13, 37, 150]
2170
[1, 2, 6, 12, 24, 48, 60]
2175
[1, 6, 13, 37, 150]
2175
[1, 2, 6, 12, 24, 48, 60]
2180
[1, 6, 13, 37, 150]
2180
[1, 2, 6, 12, 24, 48, 60]
2185
[1, 6, 13, 37, 150]
2185
[1, 2, 6, 12, 24, 48, 60]
2190
[1, 6, 13, 37, 150]
2190
[1, 2, 6, 12, 24, 48, 60]
2195
[1, 6, 13, 37, 150]
2195
[1, 2, 6, 12, 24, 48, 60]
2200
[1, 6, 13, 37, 150]
2200
